537681453897872
495204901603170
296619375337754
4887875507910938
474519253765020
2872700852992867
517681129360654
262995582382853
261229029043059
914877166023441
217887346522004
504914080696224
765507384116727
337127324425056
1373307973052511
890693141661769
743171673023530
1622455258212885
546314506564628
744683329529751
986770098793816
320105979491109
175614781121709
393835759099320
518332982744523
900447860688305
2806665976313136
169782348369756
1207955469639614
4065883540137904
4898606693529789
341672230636308
327136929274783
574645627061698
211450440452868
3882682481821500
1113744692540897
476116530307749
139649791479342
434996004695363
287218329669010
213810670171188
1139006019900435
210429954039398
846057142934998
827026111505364
515211136498699
204681578138611
145383914231693
2569566893353047
732681614433401
2796964527278796
189238933054104
562966658002651
1408185059542458
975112963027888
239656697935274
132981045530287
143017044806579
1105240373293389
137033365014320
521919388810193
225503068922709
327383205461167
506628113676950
150428523712312
2659425297699041
910039186439903
291703782380901
920935432029696
464804747946887
